-0.5202891826629639
0.34480708837509155
-0.18260067701339722
0.36528584361076355
-0.07836133241653442
-0.405499666929245
0.5424888134002686
-0.4902670681476593
0.3789788782596588
0.13821543753147125
-0.28340575098991394
0.05843323469161987
0.05794018507003784
0.3614407181739807
0.18978260457515717
-0.10016444325447083
-0.8255815505981445
0.14452797174453735
0.18084204196929932
-0.6372207403182983
-0.5226151943206787
-0.6551170349121094
-0.2234719693660736
-0.3783387839794159
-0.14397946000099182
-0.09908035397529602
0.28953149914741516
-0.06487110257148743
-0.3284176290035248
-0.1584961712360382
0.1700790524482727
-0.20548823475837708
0.22168642282485962
0.3618478775024414
0.0510731041431427
0.35675451159477234
-0.1464790403842926
-0.022541552782058716
-0.20864751935005188
0.3929978609085083
0.30002322793006897
0.09826526045799255
0.11481674015522003
0.06404809653759003
-0.10424426198005676
-0.17865389585494995
-0.3052956163883209
0.3360142707824707
-0.13330790400505066
-0.4826537072658539
0.026592671871185303
0.052718132734298706
-0.3495638072490692
-0.43903979659080505
0.2791423201560974
0.1736973226070404
0.46136751770973206
0.013259083032608032
-0.18903586268424988
-0.01899099349975586
-0.4133192002773285
-0.5987027883529663
0.2434942126274109
0.2464996874332428
0.6063579320907593
-0.1918286383152008
0.08541975915431976
0.22385020554065704
0.2805269658565521
0.41002073884010315
-0.5011749267578125
-0.48549267649650574
0.37883222103118896
0.39540165662765503
0.04125979542732239
0.052576929330825806
-0.23525425791740417
-0.4070608913898468
-0.19209647178649902
0.3115958571434021
0.4370475113391876
-0.033279627561569214
-0.4880600869655609
-0.17782539129257202
-0.19928929209709167
0.21743328869342804
0.3281289339065552
0.40856242179870605
0.23431244492530823
0.2556654214859009
-0.585283637046814
-0.044756025075912476
0.23486001789569855
0.40429529547691345
-0.16989687085151672
0.35860732197761536
0.007223397493362427
-0.0013759434223175049
0.650354266166687
0.1613917201757431
0.17048822343349457
-0.18759456276893616
-0.36258015036582947
-0.09413620829582214
0.4907488226890564
-0.3921695053577423
0.5217185020446777
-0.017275959253311157
-0.30372104048728943
-0.49375709891319275
0.29141026735305786
-0.9259039163589478
-0.16455939412117004
-0.11443766951560974
0.11733455955982208
-0.42395660281181335
-0.25138041377067566
-0.549708366394043
-0.08330991864204407
0.31310009956359863
0.3764824867248535
-0.6060453653335571
0.04858285188674927
-0.4987048804759979
0.0007346868515014648
-0.2543952763080597
-0.07848778367042542
-0.2718663513660431
-0.2131563127040863
0.11188681423664093
-0.5129698514938354
-0.3545192778110504
-0.327213853597641
-0.1632557213306427
-0.14191129803657532
-0.467760294675827
0.16566906869411469
-0.148389995098114
0.40331241488456726
0.2597361207008362
-0.573945164680481
-0.9967658519744873
-0.026090532541275024
0.37907570600509644
-1.1506913900375366
0.4395270347595215
0.12213519215583801
-0.20488008856773376
-0.010302245616912842
0.12510865926742554
-0.07633504271507263
-0.11561855673789978
0.12109319865703583
-0.8208260536193848
0.09222708642482758
0.2973310649394989
0.23207014799118042
0.17270734906196594
0.10586722195148468
-0.1633879542350769
0.39955639839172363
-0.3975681960582733
-0.18299898505210876
0.14749202132225037
-0.35580548644065857
-0.09143510460853577
0.08857670426368713
-0.15630817413330078
0.32019755244255066
-0.06092604994773865
0.452705442905426
-0.2487337291240692
-0.28266391158103943
-0.5953950881958008
0.408654123544693
0.06003621220588684
0.1801961064338684
-0.270756334066391
-0.5391530990600586
-0.2084827721118927
0.15165498852729797
0.28047966957092285
0.4023253619670868
-0.299947589635849
-0.13970232009887695
-0.12664291262626648
-0.48708072304725647
0.017715394496917725
-0.23394861817359924
-0.07362082600593567
-0.013354092836380005
-0.2893962562084198
-0.2834080159664154
-0.04198071360588074
-0.30854102969169617
-0.1365486979484558
-0.140558660030365
-0.11248216032981873
0.1355782151222229
-0.1393405795097351
-0.2881852686405182
-0.357844740152359
-0.06215035915374756
0.09001797437667847
-0.02957206964492798
0.26238083839416504
-0.8186851739883423
0.3209313750267029
0.022761672735214233
-0.1980656087398529
0.39158809185028076
-0.7491626739501953
-0.5000907182693481
-0.028144896030426025
0.30065786838531494
0.21122975647449493
-0.4176895320415497
-0.1541849672794342
0.006114572286605835
-0.038621485233306885
0.055652961134910583
-0.5442825555801392
-0.3085584342479706
0.3057587444782257
0.33562716841697693
-0.10914799571037292
0.42492014169692993
-0.15795016288757324
-0.4916548430919647
-0.03853282332420349
-0.2672941982746124
0.03190410137176514
-0.29472383856773376
0.13095521926879883
0.5006474256515503
0.04670587182044983
0.04157978296279907
-0.3308849632740021
-0.3765105903148651
0.012080013751983643
-0.0796307623386383
0.35910341143608093
0.05578194558620453
0.027264505624771118
-0.3385184109210968
0.012625843286514282
-0.033599406480789185
-0.14744222164154053
-0.1455984115600586
-0.01500210165977478
0.8038371801376343
-0.3058009445667267
-0.6719707250595093
-0.181428462266922
-0.022516846656799316
-0.5294792652130127
-0.08447882533073425
-1.1522482633590698
0.0533922016620636
-0.1684800684452057
-0.08209523558616638
0.2903248369693756
-0.5584120750427246
-0.3050285279750824
-0.7099064588546753
-0.04884186387062073
-0.25748559832572937
-0.4261151850223541
-0.17079070210456848
0.13647940754890442
0.18375512957572937
0.35481253266334534
-0.261043518781662
-0.09819138050079346
-0.0470241904258728
0.7883032560348511
0.3632999658584595
0.24714207649230957
0.5002859234809875
0.6687009334564209
-0.3853704035282135
-0.022133320569992065
-0.43458548188209534
-0.10933774709701538
-0.016528159379959106
-0.02228131890296936
-0.3667139708995819
0.14663651585578918
-0.13297298550605774
0.8529678583145142
0.018800675868988037
0.23158374428749084
-0.16459420323371887
0.5303474068641663
-0.1411800980567932
-0.3567174971103668
0.509291410446167
-0.019264250993728638
0.1778564751148224
-0.9522203207015991
-0.02569231390953064
-0.1904555857181549
-0.2749480903148651
-0.18825224041938782
0.19889920949935913
-0.026817262172698975
0.02811536192893982
-0.010607898235321045
-0.10367438197135925
0.1451253443956375
0.020362883806228638
0.20958080887794495
0.2899922728538513
-0.026001572608947754
-0.039928048849105835
-0.2733006179332733
-0.28513196110725403
-0.07986864447593689
-0.198945552110672
-0.22363373637199402
0.17495383322238922
0.5819981098175049
0.028770774602890015
0.0828113853931427
-0.10071128606796265
-0.2573939859867096
0.12486147880554199
0.3355417251586914
0.05068087577819824
-0.05184337496757507
-0.05852702260017395
-0.2693117558956146
-0.1687934398651123
-0.6175045967102051
-0.3602258861064911
-0.05672562122344971
-0.20636990666389465
0.3889527916908264
0.17630451917648315
-0.4000456631183624
-0.3632718026638031
-0.36243686079978943
-0.5657740831375122
-0.15126335620880127
0.4014531373977661
0.17742697894573212
-0.2086394727230072
-0.3101380169391632
-0.15956422686576843
-0.28763774037361145
-0.3456009328365326
-0.29906341433525085
0.18105104565620422
-0.012288719415664673
0.04113563895225525
0.5054899454116821
0.093390554189682
0.03741338849067688
0.12682697176933289
0.0347881019115448
-0.4373169243335724
-0.18523260951042175
-0.3912881314754486
0.3363962471485138
0.28221312165260315
0.2664801776409149
0.5936272740364075
-0.08483919501304626
0.31302475929260254
0.10385575890541077
-0.10902777314186096
-0.18304100632667542
-1.0884829759597778
-0.06670573353767395
0.2768981456756592
0.038965702056884766
-0.19915196299552917
-0.36525341868400574
-0.3824256360530853
-0.2473529875278473
-0.07686594128608704
-0.19441738724708557
0.02071329951286316
-0.11865541338920593
-0.8123670816421509
0.4019572138786316
-0.45319876074790955
-0.9034936428070068
-0.3781234920024872
0.28324753046035767
-0.3632005751132965
-0.20670810341835022
0.005319148302078247
-0.07708808779716492
-0.11435607075691223
-0.12342184782028198
-0.1145692765712738
-0.33067700266838074
0.09042537212371826
0.09280593693256378
0.24637678265571594
0.35488957166671753
0.20164130628108978
-0.3774968683719635
0.2743312120437622
-0.28959259390830994
0.3212816119194031
0.36791765689849854
0.36983177065849304
-0.006906360387802124
0.2591550946235657
0.1839427649974823
0.0589754581451416
-0.25933071970939636
0.45617401599884033
0.3989851176738739
0.16546452045440674
-0.5010735988616943
0.20137108862400055
-0.2209298312664032
-0.1333654224872589
-0.5594689846038818
-0.1723279356956482
-0.626121997833252
0.27222031354904175
-0.25923511385917664
0.27785158157348633
-0.22918519377708435
0.3863323926925659
-0.25563254952430725
-0.13781824707984924
0.5392049551010132
-0.4443107545375824
0.03490447998046875
0.1436951756477356
-0.1652108132839203
0.24279436469078064
0.16411817073822021
-0.023446738719940186
0.12890072166919708
0.4356594383716583
-0.45602652430534363
-0.22519788146018982
-0.3929685652256012
-0.21857759356498718
0.008496642112731934
-0.017049044370651245
0.1703246533870697
0.4039972424507141
-0.25786641240119934
-0.6562861204147339
-0.5507910251617432
0.15656018257141113
0.09783706068992615
-0.07610803842544556
0.08510863780975342
-0.005297362804412842
-0.16334322094917297
-0.0025738179683685303
0.6149121522903442
0.06163778901100159
-0.6796777248382568
0.5237340927124023
-0.3199826180934906
-0.30918779969215393
0.19633075594902039
-0.08834725618362427
0.03083270788192749
-0.6294232606887817
-0.1491774618625641
0.07810622453689575
0.4362560510635376
0.3134945333003998
-0.05474182963371277
0.35254088044166565
-0.0925699770450592
-0.021410733461380005
-0.04605254530906677
-0.33673951029777527
-0.03236773610115051
0.4439837336540222
0.09805716574192047
0.05083146691322327
0.060908347368240356
-0.35942575335502625
-0.07802131772041321
-0.053223758935928345
0.03737017512321472
-0.7797698974609375
-0.5091097354888916
0.44110918045043945
-0.38409700989723206
0.03864392638206482
-0.0558377206325531
-0.39391520619392395
0.4379752576351166
-0.1450343132019043
0.3213093876838684
0.010466039180755615
-0.3198070824146271
0.5867128372192383
0.3563692569732666
-0.2947305142879486
-0.2756926715373993
-0.23122403025627136
-0.03288397192955017
-0.1979600489139557
-0.011922091245651245
-0.21190807223320007
-0.4053552448749542
0.26028597354888916
-0.006935030221939087
-0.6203807592391968
-0.1303451955318451
-0.011443555355072021
0.19341298937797546
-0.6399624347686768
-0.3361251652240753
-0.12203705310821533
-0.1907004415988922
-0.1579889953136444
-0.1232617199420929
0.28384894132614136
-0.13707944750785828
-0.08749759197235107
0.16301336884498596
-0.17900756001472473
-0.15808594226837158
-0.07600328326225281
0.06342457234859467
-0.21351578831672668
-0.23346349596977234
-0.3517075479030609
-0.676897406578064
-0.08377569913864136
-0.24260488152503967
-0.5082495212554932
-0.44519123435020447
-0.04758933186531067
-0.33946606516838074
0.24072805047035217
-0.031101852655410767
0.40985873341560364
0.11869601905345917
0.09600736200809479
0.005078017711639404
0.1385500282049179
-0.5070347785949707
0.38892310857772827
-0.355956107378006
0.2809394598007202
0.41068509221076965
0.1932283192873001
-0.19009694457054138
-0.222111314535141
0.15799519419670105
-0.37898918986320496
0.2528972923755646
-0.33279600739479065
-0.2540481984615326
-0.4667114317417145
0.4300432503223419
-0.46343740820884705
0.1283133625984192
0.07072792947292328
0.13065606355667114
-0.3388431966304779
-0.05582299828529358
0.06991851329803467
-0.4452381432056427
-0.33178696036338806
-0.4363681972026825
-0.6422462463378906
-0.47550341486930847
0.31121107935905457
0.10502231121063232
-0.7498501539230347
0.39109551906585693
0.46305468678474426
-0.5562632083892822
-0.2644316852092743
-0.28084155917167664
-0.4356996715068817
-0.3449402153491974
-0.1782321035861969
0.05583210289478302
-0.13195231556892395
0.6631102561950684
0.18014106154441833
-0.34294435381889343
0.15796419978141785
-0.23831287026405334
-0.037641823291778564
-0.12669968605041504
-0.42600271105766296
-0.6971395015716553
0.18677955865859985
-0.13680371642112732
-0.2876143753528595
-0.8013943433761597
-0.21758243441581726
-0.5733166933059692
0.12823934853076935
-0.2591799199581146
-0.09578841924667358
0.669510543346405
0.37734782695770264
0.2813264727592468
0.21425941586494446
0.15715497732162476
-0.03464749455451965
0.6454083919525146
0.24551182985305786
-0.5320042371749878
-0.9313750267028809
-0.06732183694839478
0.3838392496109009
-0.04009053111076355
0.049846142530441284
0.009558767080307007
0.20476990938186646
0.12844543159008026
-0.6255813837051392
-0.07088971138000488
-0.42321571707725525
0.16118274629116058
0.16018150746822357
0.08008724451065063
-0.17293360829353333
0.5398372411727905
-0.20055869221687317
0.13344939053058624
-0.2898156940937042
0.3067655563354492
0.23173509538173676
0.3119540810585022
-0.45333096385002136
0.03631293773651123
-0.23406299948692322
0.37772756814956665
-0.27830883860588074
0.1710624247789383
-0.5595166683197021
0.21639291942119598
0.09122489392757416
0.13403597474098206
-0.10995617508888245
0.18261492252349854
0.13571380078792572
-0.01843366026878357
0.5343621969223022
0.3328697383403778
0.13924311101436615
0.4066576063632965
-0.2140817940235138
0.16597744822502136
-0.0697077214717865
-0.407028466463089
-0.3572515547275543
0.1441415399312973
-0.582949161529541
-0.29242274165153503
-0.1550281047821045
0.10328203439712524
-0.1817660629749298
-0.31491562724113464
-0.6094661951065063
0.7798581123352051
-0.06981116533279419
-0.26653191447257996
-0.01817801594734192
-0.31512245535850525
0.4267756938934326
0.1383441835641861
-0.8969818353652954
-0.2139815390110016
0.3136025369167328
-0.1445896327495575
-0.04244115948677063
-0.4568916857242584
0.00791427493095398
-0.07631811499595642
-0.21467140316963196
-0.07553181052207947
-0.549980878829956
-0.4001521170139313
0.21291765570640564
0.17351260781288147
-0.0009489357471466064
-0.3517942726612091
-0.3034437596797943
-0.5244852304458618
-0.04849395155906677
-0.04992330074310303
0.5627073049545288
-0.46029189229011536
-0.22463420033454895
-0.3678635060787201
0.15165168046951294
0.1860274374485016
-0.14723318815231323
-0.28765228390693665
-0.24006125330924988
-0.08430936932563782
-0.1640278398990631
-0.2760344445705414
-0.2020915448665619
-0.1486847698688507
0.11763349175453186
0.07308056950569153
-0.4694497883319855
0.36849814653396606
0.07795040309429169
0.34846213459968567
0.3637773096561432
0.24987062811851501
-0.0783037543296814
-0.006374359130859375
-0.49169042706489563
0.2655649185180664
0.02606150507926941
-0.07886508107185364
-0.20556065440177917
-0.49351707100868225
-0.08646911382675171
-0.724563479423523
0.09957423806190491
-0.12530198693275452
-0.4858435094356537
0.09031075239181519
-0.3605353534221649
0.025501281023025513
0.4754778742790222
-0.6254515647888184
0.07337433099746704
-0.5085610151290894
0.07449351251125336
-0.07099294662475586
0.09747669100761414
-0.025939583778381348
0.09539228677749634
-0.6004297733306885
-0.13115209341049194
-0.06398412585258484
0.14279446005821228
-0.05077853798866272
-0.3281473219394684
-0.1647907793521881
0.5236982703208923
0.02969762682914734
0.2619522213935852
-0.3186359703540802
-0.08215391635894775
0.6078384518623352
0.023402273654937744
0.10814985632896423
0.11092552542686462
-0.040389567613601685
-0.5363490581512451
0.024876773357391357
0.4671207070350647
-0.3316740095615387
-0.3107728660106659
-0.027398258447647095
0.4668652415275574
-0.06700387597084045
-0.06565633416175842
-0.15536728501319885
0.4411458671092987
0.2948741912841797
-0.38461610674858093
-0.012640327215194702
-1.0073202848434448
0.5384091734886169
0.0531141459941864
0.49475932121276855
0.20849254727363586
-0.6116865873336792
-0.4316571056842804
-0.030588388442993164
0.0480864942073822
0.3255082964897156
0.21093156933784485
-0.43839892745018005
0.4827954173088074
-0.5801647901535034
-0.27698013186454773
-0.23333749175071716
0.03973039984703064
-0.023428648710250854
0.19388534128665924
-0.025641977787017822
-0.11794820427894592
0.05107557773590088
-0.5124224424362183
-0.27433791756629944
-0.11701208353042603
0.19796684384346008
-0.7541012763977051
-0.357827752828598
-0.2072869837284088
0.09030893445014954
-0.30152615904808044
-0.30500277876853943
-0.1748192012310028
0.17012335360050201
0.36906611919403076
-0.21714594960212708
-0.04428678750991821
0.15315622091293335
-0.23368915915489197
-0.021260559558868408
-0.6156998872756958
0.07357373833656311
0.028491288423538208
0.015279233455657959
-0.5106582641601562
-0.1621234118938446
0.16691380739212036
-0.1771886944770813
0.11880166828632355
0.3716224431991577
-0.13042214512825012
0.6050686836242676
-0.17058131098747253
-0.1760861873626709
0.24415427446365356
-0.40672698616981506
0.20706000924110413
-0.6220642328262329
0.04033312201499939
0.21960391104221344
-0.04166242480278015
-0.052895575761795044
0.37091007828712463
-0.0964723527431488
0.4467804729938507
-0.2354118525981903
0.1369861215353012
0.4771316647529602
0.03955748677253723
0.6459524631500244
-0.5189383029937744
-0.22004249691963196
-0.4397006928920746
-0.22696581482887268
0.12699297070503235
0.3510144054889679
-0.15986335277557373
-0.43945810198783875
0.6688787937164307
0.013860851526260376
0.6199930906295776
0.10449287295341492
-0.003731667995452881
0.019566655158996582
-0.04798179864883423
-0.1129792332649231
-0.02590954303741455
-0.27692851424217224
-0.11183103919029236
0.17217814922332764
0.15308699011802673
-0.17348936200141907
0.3815039396286011
0.3031077980995178
0.4796328842639923
-0.35612568259239197
0.33379116654396057
-0.31902584433555603
0.1734153926372528
-0.3793729245662689
-0.11608973145484924
-0.2485978901386261
-0.31234005093574524
0.2706817388534546
-0.5631741285324097
0.2367931306362152
-0.308511883020401
-0.061482638120651245
-0.5365618467330933
-0.21893200278282166
0.00041535496711730957
-0.5631828308105469
0.15117588639259338
-0.12862583994865417
-0.5332188606262207
0.11426784098148346
0.3867214620113373
-0.37915244698524475
-0.44939562678337097
-0.4149613678455353
-0.09613692760467529
-0.1398334503173828
-0.13991370797157288
-0.5964062213897705
-0.10745841264724731
0.18502560257911682
-0.36085936427116394
-0.1346243917942047
0.178325355052948
-0.41169974207878113
0.17927715182304382
-0.027263939380645752
-0.28437551856040955
-0.5558098554611206
-0.11738798022270203
-0.8917238712310791
-0.10626131296157837
-0.6546995639801025
0.27323028445243835
-0.14629670977592468
-0.14720234274864197
-0.18111786246299744
-0.1226477324962616
-0.010092884302139282
-0.03676879405975342
-0.5213572978973389
-0.451511949300766
0.16016387939453125
0.3275703489780426
-0.1037290096282959
-0.1860913634300232
-0.4050832688808441
-0.38988617062568665
-0.35625824332237244
0.2818305492401123
0.012170910835266113
-0.02550521492958069
0.0841851681470871
0.022735029458999634
0.11565998196601868
-0.3321417272090912
-0.05766904354095459
-1.1573560237884521
0.20528893172740936
-0.14685580134391785
-0.3529902398586273
-0.06052014231681824
0.03846701979637146
0.470318078994751
0.08018350601196289
-0.2571572959423065
0.5266387462615967
-0.33700796961784363
-0.05417093634605408
0.1362621933221817
-0.32083263993263245
-0.4874526560306549
-0.19823792576789856
-0.18251514434814453
0.24458007514476776
-0.056324005126953125
0.03557172417640686
-0.4624529182910919
-0.19507357478141785
-0.9190231561660767
-0.7369163036346436
0.1561540961265564
0.2658939063549042
0.04550015926361084
-0.07673850655555725
0.3243202567100525
0.011644154787063599
0.15512868762016296
-0.7139850854873657
0.5733280181884766
-0.25497332215309143
-0.4558177888393402
-0.2590804994106293
0.2833484411239624
-0.3881623446941376
0.007323473691940308
-0.13932263851165771
-0.41981127858161926
-0.21393540501594543
0.19036971032619476
-0.16338911652565002
-0.3011501133441925
-0.308694452047348
0.023343950510025024
-0.19938775897026062
-0.48016998171806335
-0.3428100645542145
0.2782438099384308
0.13243740797042847
0.16231928765773773
0.033868223428726196
-0.13151797652244568
0.31559085845947266
0.11040852963924408
-0.07764503359794617
0.011646836996078491
-0.5278744697570801
-0.1772669553756714
-0.2968234717845917
0.009958595037460327
-0.4278702437877655
0.2885577976703644
-0.011979728937149048
