-0.03893554335811149
0.0617617204066214
-0.007685447268613026
-0.03467816615472882
-0.11300823477424649
0.028125226207410967
0.07641314014967701
0.037935532760909725
0.0752188396784022
-0.03449781613673661
0.030179574496669304
0.08461926517565016
-0.17406348766871144
-0.033796847809886905
-0.0021163778817173545
-0.023315733119697618
0.0744316482748816
-0.0020585875445261054
0.0522778650988153
0.03127937128924894
0.02583768994508226
-0.021486712395596762
0.027550453109077035
-0.00044817750945552043
-0.2354435107451933
-0.0070622164184812805
-0.001282411710478961
0.06970347299580265
0.10365464827681281
0.011145641417332743
-0.022016525486032966
0.12347251174142448
-0.005768672427550595
-0.022411987940999224
-0.03433019090586181
0.05720465387447916
0.029397684614765357
-0.05291486993148383
0.0130579443707503
0.04085494714169429
-0.017060046667878935
-0.04303161606440293
0.041645580493580935
-0.020562265317989027
0.0018916813935241014
-0.13216647464100106
0.03257065132824081
0.0527483870754052
0.02248947486328394
-0.13653497993263777
-0.008971988375800415
-0.020872629005623543
-0.041510001673713735
0.06811229634317545
0.004702970938018157
-0.026842804554699593
0.019052973946168728
-0.011165904272031561
0.012926445678057667
0.02252568604336893
0.0007851062162450365
-0.011458312903755347
-0.04709151394514528
-0.0196977708337448
0.021466160745135847
0.008584396612330812
-0.10060479599542471
0.10370192962858227
-0.046185031990491614
0.03578210481828304
-0.024871894397440465
-0.0007696482547066147
-0.08449916449186913
-0.016883151176290426
0.08741168413932693
0.03137899947833673
-0.0013873602875491761
0.01781107857408968
-0.02800230393462254
-0.04208318282174081
-0.01024082460285685
0.0014903970760319074
-0.00023747358094781262
0.035272464895012394
-0.03765185592499615
0.04830976339403254
0.029422793797360805
0.03136027917332409
0.030302000320045604
-0.039257826898761145
-0.025557375855433242
0.009976441947042128
-0.03602851511381906
0.005003505187424595
-0.04052162611023053
-0.009635330031863596
-0.09401045031003341
0.0030511051098944184
0.021567648405610575
0.1033788031714242
0.07117063359935852
-0.012510619844229617
-0.10513876046816409
-0.02132434576034578
-0.05972071663678406
-0.13623073707215408
0.05588008726068407
0.03338730263243637
0.05284958080259456
0.02292952506372039
-0.001793163767817088
-0.08595456380709368
-0.0022354901214283775
-0.022926786662071198
-0.01117947367483639
-0.0014352720643040842
-0.07620344598080822
-0.0728190270372347
0.051276308206498984
-0.029193222694438862
-0.0022381332273529904
0.060778051809306184
-0.03512723690901791
-0.032302032320660395
-0.07845686196961904
0.025243662236536922
-0.048371281176957465
0.059766503532660144
-0.048578458893737575
-0.02778061065103294
0.050008090533185105
-0.021080314517542813
0.028770452295790443
0.0374839470200378
-0.014176557770944866
-0.011838166211815826
0.014048965957057555
-0.007747002177201954
0.04846243038342816
-0.016865552111044894
-0.016157051681254985
-0.06166235919927141
-0.15698303735746327
0.004879083022176024
-0.07443066687353961
0.06200533711900524
0.005311602157561393
-0.02007008922605253
-0.035073979562848474
-0.0033057312762798732
0.024861895794102466
0.0428194060442578
0.027445491103997154
0.002737120513131311
-0.11027472255383894
-0.045848431769187854
0.0021980087643180962
-0.06350972251701084
-0.0044108634839404685
-0.019401077372977096
-0.004858036778435847
-0.01432897681046676
-0.012597517720601484
-0.030873347343456772
-0.013516525246780504
-0.024701965169443316
-0.04632487062594864
0.006669914726877044
0.07462307186389758
-0.018539703002571073
-0.011635403571128387
0.005628104832479788
0.02455993918000629
-0.011917105349310807
0.04091152554314414
-0.07577560771569744
0.01141400928977792
0.03770130955463106
-0.027959893652583372
0.02976611045574925
0.0031287124875857275
0.05687112855025394
-0.10576361253749464
0.043375023524459745
-0.0772693351524387
0.48170987063661336
0.023750225008258838
0.0074925835711418184
0.09942693746671624
-0.007450050243733904
-0.0035400892971465155
-0.06356150399580193
-0.054875026828277496
-0.0012499933897010193
0.03079740011933233
-0.004668870593777477
0.011323447299800095
0.0697699527644908
0.03039189950450081
-0.01094457599040918
-0.01031376067121708
-0.14822245919185137
-0.0733605818825336
-0.050632606420483506
0.06685961359848161
0.01035204913637431
-0.00013432203802941217
-0.039668362541691635
-0.023672927071133828
-0.03215737425079997
0.015977051226905355
0.03377390801860749
0.0025368346400090405
-0.1074981024919126
-0.01834809403351232
0.014306428457839145
-0.08115150339576704
-0.11437107099211197
0.02007797087968883
-0.09951459847081598
-0.019221833663586024
-0.04790462363556728
-0.049004375195932294
-0.04088753375818629
-0.02909776530404689
-0.030778795078479054
0.03030768166543589
-0.030410019470774118
-0.23029221824892054
-0.0446468175437074
-0.04619792653987142
0.061843185720215056
-0.01447075182502601
-0.16677241788826036
0.02077169822027082
-0.05286195212398888
-0.17981812447938372
-0.021998924170588054
-0.028092356795231255
-0.001727413765876415
0.003930642751381774
0.00019062300194410547
0.022070588253651692
0.002385276610559428
0.019190973033055746
-0.0042985262546790595
-0.053405207509742605
0.14049966952690127
-0.14309329842655205
0.07174917262841324
0.04894509782575047
-0.05204413126467587
-0.0014425107050451483
-0.005055878682428707
0.0999696739657496
-0.008972191068154514
-0.09464994131196149
-0.11973692746931722
-0.005497414581170805
-0.0017520162738896353
0.02244452477882599
0.01800653674213342
0.03958781435856979
0.014312425893778506
-0.006478919267623957
0.014890088763725988
0.013120394612736834
-0.13913234549747394
0.008357009218367427
-0.023227683793404716
2.615026979695817e-05
0.018867810527062122
-0.018516573426514304
0.016098637113455896
0.0022821834103129227
0.005173849054044027
0.0603105866620754
0.019350498846733906
-0.00243043727315748
-0.005772419238057037
0.010433743992390082
-0.1338039243710636
-0.1316332157573698
-0.012469480774197482
-0.037718722896114845
0.023980165763224676
-0.02391067872740046
0.052767118570592665
0.04496593440025105
-0.028075331646651176
0.015401179998275664
0.07442403945359313
0.02967769302757544
-0.01800162636223899
-0.06482122399438717
-0.01910257616773229
-0.022353191743682124
-0.12863664750981257
-0.06034636163275203
0.020168285677207604
-0.001368719535932171
0.029845443146605664
-0.08269785981063799
0.05765035584025343
-0.048164404575673496
-0.007655880029636814
0.05131456817671134
0.061637909550433
0.008155546764020631
0.014616298976754129
0.002999364094386177
0.02641989334853028
0.006264695008296239
-0.10298436088955001
0.03481076901185764
-0.052112218964782665
0.005011336942528137
-0.06674530040770743
-0.01282721620306107
-0.06402213611739832
-0.01296662797908028
-0.0801252700385803
0.004288101374708454
-0.04402538936547742
0.049501712623179185
-0.0029543024173624144
-0.006270882739063045
-0.0055419948771423914
0.0331513977965314
0.03909674549550026
-0.04751047533894146
0.028900716911363387
-0.01430638421157324
0.13442940684492904
0.018750446720856934
-0.0024797927017352513
0.05804346855967161
-0.022956196826456658
-0.0053497494744429094
-0.013382969513429297
68069.34789099486
0.05488369398828364
0.11157981103535133
-0.024758492927802314
-0.04111270983238176
-0.13963629077192485
-0.09058320047302093
-0.04326363685072011
-0.057777286090588284
0.045246449295004605
-0.05879336763478636
-0.12483260008593122
0.08559613406908564
-0.11633448474868593
0.022571883466928525
0.046694581437802606
-0.055820249043695015
-0.046487503850579585
-0.018038249557552337
0.019099408231185673
0.016112983311412594
0.013950088749742233
-0.02817320957921761
-0.008038104257900504
-0.08443743746287061
0.06999392931936171
-0.005616453274330576
-0.07451035497076954
-0.021417305893667138
-0.008085333590107498
-0.008339262288358712
-0.02507684178156965
-0.07583561728203753
-0.024515277812232193
-0.05929834807282305
0.000843805647756185
-0.0063404763566637205
-0.11666722041231245
0.014272313994549098
0.010816936739795106
-0.23465718459479595
0.03884509533307386
-0.051981385315488654
0.046393538305602285
0.015289765060931625
-0.014118234859005162
-0.08801180031122963
-0.017869320707832315
0.09607141609541489
0.029737963590606153
-0.047953704501345354
-0.08023022808131548
0.021108405102243433
0.04985876547728239
-0.12382971360609663
2.7758391695963114e-05
-0.0731581898752297
-0.10045101856437519
0.00940358349144401
0.002286923051290017
-0.037833559272830615
-0.0229656843742206
0.011486618777186083
0.012844813896699218
0.03800690281350771
-0.13272951652661547
-0.022065796422288553
-0.03433158332401257
-0.025358111442013668
0.006194161917605322
0.029909489549012173
-0.035153907496265
0.00035661756205710576
-0.04039084565517021
-0.1579344267205113
-0.05625265264847638
0.0816867242742873
0.04696557255243238
-0.0015252864034327185
0.03190263374369603
-0.08614690650086573
0.06801086521694108
-0.0017053690356535825
0.02693749070194671
-0.018077767764561378
-0.0405913472925301
-0.1344397487735789
-0.11195979136390766
0.019652234975759013
-0.005413542561263071
-0.018772249601565507
0.026738101178029564
-0.009560666582626068
0.05505396532149199
-0.0035572973189261156
0.016551200375526882
0.09144624928157188
0.011904299075121201
0.0703103394149378
-0.001868752639673562
0.055969121275422355
0.05267756068848673
-0.03617917435246276
-0.029655923874317654
-0.09352628038393648
0.016748452071522348
-0.0141378456754917
0.015724406052785404
0.036393626572493766
0.01980735279981176
-0.03462944710016829
-0.0667506239840003
0.043186301952980184
-0.006475625564337641
0.027313027169580992
-0.03731784527553543
0.010551542028547772
-0.025122300706336177
-0.02706363500678924
-0.012054270747982022
0.016265695546330748
0.13474072861628972
0.07783060799742256
0.13134668259932353
0.029686682307406072
-0.017842626542035653
-0.04368975912706107
-0.09839665668276756
0.051086741937780795
-0.023252118288051057
-0.03252389380443914
-0.032152351908897855
-0.0027188982115888445
0.028468824761501678
-0.08885301504932913
-0.06951672110387541
0.08073943808404774
0.04109901424721173
0.08771421223645615
0.1262554064619829
-0.02560627876207846
-0.00048084483238394066
-0.021206858833329505
0.081102804460813
0.1438961091717706
0.007258926592788088
-0.0749679793083739
0.025408824699407882
-0.061732987542548204
-0.1365048082653324
-0.002160864534776624
-0.02348023463855415
-0.143749021609901
0.06605367395503514
-4.346213211188499e-05
0.01045512720156238
0.0016397082198174942
0.009822656638286749
0.040394793346663106
0.04096122149179319
-0.08473723035221545
-0.019071239249057462
0.03772066476225768
0.06017722326418604
-0.07592025401284393
-0.017168757279503552
0.04250519191546057
0.016310872081744865
-0.040782455658655556
-0.06240598493707838
-0.005242240614460998
-0.15131856804581864
0.02349542175511788
-0.02187000525132416
-0.07200370536162984
0.047102850325650335
-0.03830200518484623
0.015790771651851727
-0.3048980842325632
0.014580713828341772
-0.09092712987289503
-0.01760967613280951
-0.002258045764101317
-0.09354117805633147
0.030790033004142355
0.03143091770067096
0.011627073425618834
0.013914770013769874
0.01551148441830777
0.055982668911518575
-0.049950007581625905
-0.020983078164527613
-0.053544619923147914
0.021748590892789833
-0.016049442723056646
-0.10672238902347486
-0.016037864568802393
-0.08508839710291333
0.0179204685061716
0.018000240227127887
-0.07742433413604138
0.002453179198613209
0.027480933357693076
-0.011312570241504685
0.043187803057085423
0.00493534182863084
0.012272473631408008
0.03426642612559872
0.04399408511064155
-0.044276798642138
0.05349244075244739
-0.08427827136651797
-0.06786912835751086
-0.008685126684775779
0.03213486327888702
-0.001915400006793716
-0.09641648674823114
0.052961594687605786
0.03736991896846518
0.05367213359034826
-0.009247589754366604
-0.10921329224364568
-0.04128563769737115
0.10666053497930653
-0.004471811327047912
0.037196636963314385
-0.02320918659498736
-0.0695395760809299
0.08383428057340661
0.008925905030804614
0.030376866590630068
-0.013859973197500784
0.009092900145052867
0.027047428007896217
-0.007823189551200413
-0.008119202031552492
0.048749946509067436
0.036329841972365017
-0.053027177132933194
0.09111051463193076
-0.07747485049169944
-0.027143257669401184
0.002658343004856442
-0.014074716200427932
-0.06136441043906329
-0.01892034656295721
0.002448859663676334
0.07034174152276804
-0.05294847975548949
0.04710310621370565
0.04397327454702874
-0.12437370378886597
0.02916241798544715
-0.034134339115698784
-0.024480142572184477
0.007812973049142684
0.02571549576387041
-0.0345138161480021
-0.1210639804731291
0.0036310531428400197
-0.014137435995887244
-0.0043394052800155535
0.0056838555303413765
-0.03012272063351825
0.04264709955431382
0.003669714145948154
-0.04226961735314175
0.05741015082959867
0.0037453600673385753
0.16081532044887786
0.012374923063394466
0.03230748998585444
-0.049468045276106085
0.0018611579739766446
-0.009795896443477808
0.007374813836725579
-0.07174046952408775
-0.03506408328399779
-0.6115427336438062
-0.09853340792699944
-0.008132223381670502
0.0008264417764660206
0.0532767435859784
-0.11497734591965947
-0.01099764601726172
0.01975467227621202
-0.07572410845841007
0.007610151900181869
0.031123302539224275
-0.10352795722924305
-0.012928897543130848
0.05481339489306824
0.03690370274804892
-0.13317966560075156
-0.04391904024394835
0.015026958569506657
-0.0083221269204687
-0.021170177270534607
-0.27661619055619213
0.013560433370131283
0.000179385344788896
-0.10286163385668315
0.029220517393753594
-0.004650820232329673
-0.07606055066349056
-0.04120832679733827
-0.013248370891276999
0.005984427033286624
-0.08001121733287844
0.009506188980071592
0.040816408371329084
0.0003658812696602509
-0.07179700941735735
-0.02214297661132467
0.130914629311973
0.013343835456224015
0.02895405290713931
0.0124303046008961
-0.08220471458356182
-0.025322911787943665
-0.02402916465594082
-0.0910412339103934
-0.12822877665634172
-0.0001779768362457218
-0.09055288222673386
-0.07078270571035367
0.0295992242433629
0.006970874972553741
0.02490226890100384
-0.0064503785483214435
0.04531171252561763
0.03444031581200629
0.004780388702977097
0.04700727819183786
-0.054156922869366395
0.005943022350075579
-0.007254687240914409
0.010286943686435013
0.06834092279237705
-0.013014405392600265
0.004441486530263501
0.10633519822951112
-0.022344538433130896
-0.045711520359707034
-0.009386474998681747
-0.07909480006026173
-0.0049464720393197145
0.029959985556501277
0.0008411088107127124
0.027637197049377567
-0.02991339787321811
0.019726195190938843
0.035819271401761756
-0.2199107756855883
0.020390223922921058
0.08212618951265854
0.04000696020695039
-0.022792131987564728
0.015959870487695836
0.0545928896508567
0.019399744372702123
-0.1655899054718238
-0.031980779650589014
-0.07117686127446732
-0.013461938422665846
0.06299185586891981
-0.0136648427370364
-0.028164676967204167
-0.07074411283552157
-0.1796306174123156
-0.26378498568528996
0.019150181249462953
-0.03483671570934137
0.0044794385013587
-0.02174512808163749
-0.030442808742454718
-0.047583252454883714
-0.01859880513130334
0.0406990132141165
-0.07836592657252053
-0.004450010186799684
-0.001975806326955678
0.009131610652808438
-0.09010593210801857
-0.007695096201892515
-0.018373413979499244
0.009790810758850868
0.01766885017286523
-0.014824552035528231
0.003088045992277272
0.0032689244688061878
-0.03908836100715681
-0.012014379085014744
-0.048564335812926726
0.019361130239551154
0.07357607298256455
0.07583890447127534
0.009368482198122884
-0.06748345339483589
-0.026912258089206584
-0.021672818081230602
-0.054510930153647455
0.02392368735071803
-0.04772497107478145
0.11253125602319375
0.026908235662607215
-0.1117757895584919
0.01568624351072847
0.041358397277921836
-0.01670214809816098
-0.15205713205341595
-0.3615490470198141
0.0020983643816848904
0.017840480443092534
0.034524729700601754
0.09759235333946786
-0.03716821483785665
0.047253367608926074
-0.06468789172577924
-0.01850741045249485
0.011576469560134056
0.06115377872512647
0.030677210591727323
0.025003767390306818
-0.00915104300626405
-0.046279121998769004
-0.09976898502661177
0.02187362905544909
-0.026337453830013978
-0.10571143924762327
0.005357005300281062
-0.0042339678484195516
-0.06671664670611183
-0.0011701825115915804
0.04580588597235064
0.19256116272885165
-0.0012856502854264422
0.05711802039891186
0.04266574225670123
-0.10169801464760972
-0.04498367898346015
0.031373504535042625
-0.015235310340557959
-0.04557500491604042
-0.012182835632377119
-0.12052813116636171
0.07362742888613907
0.034842299237464854
0.011562735252593576
0.007947070158443266
0.0464406100000549
-0.003145624634174553
-0.02600025286320618
0.007500950616529924
0.07323730587580604
-0.023813731702153354
0.05462465911165346
0.012028155209511636
-0.1972029472159601
-0.009239682973050022
-0.0692163426877063
0.06864507452855703
0.006044667217281627
-0.017069152464009023
-0.004614163198367778
-0.026879441528314785
-0.004001631526580597
-0.029129873731796825
-0.05027544119020652
0.0651225380258128
-0.10075213324364116
-0.08463281927606003
-0.020024107268033282
-0.016530211990553646
0.023121613092050915
0.013916943363055247
-0.00889152866518703
-0.0003190604833963537
0.011812943677606741
0.010297177930851525
0.022220737521016193
0.09142689801001064
-0.005514240124161761
-0.02630592452937397
-0.05896798543951473
-0.012012906019407105
-0.06179934450646946
0.051692900150940045
0.0355692585448961
0.012578555477302043
0.0005971311206138669
0.025971220428414717
-0.028652136254090986
0.018421294852347544
0.00388362265147197
-0.027038687679988457
-0.03005370562611666
0.0699892691939667
-0.010730336962159564
-0.07194056936803742
-0.18239681228689558
-0.09321899628981153
0.03485079491210947
0.01046820333917916
0.08681406887955159
-0.04564194173936064
0.08504519844580485
-0.015108473052480073
-0.01532775325717755
0.003050331847284586
0.039261425877645785
0.052889489229004334
0.031990031414675345
0.015871379912225626
-0.028383583911210365
0.016397688319773736
0.05741648822883783
-0.033475142667634135
-0.012831745418394061
-0.014262470920952404
0.027258582211874174
-0.003278819091116311
-0.017475677080254815
0.002713584401220312
-0.011443324622491514
-0.00347903763466699
0.026359275391400795
-0.0025327464216872743
-0.023865820301492698
0.017665141055008847
0.005402212686868545
0.024317369365125796
-0.019007684893027274
0.03892146164617271
0.044447221140110287
0.04773909468296864
0.050190592571312316
-0.08813705268535876
-0.04507222810219194
-0.021129950713922388
-0.11962316751217159
0.03793548323367193
0.06264279522474722
-0.1562984215750353
-0.07740475328231969
-0.021146947112745375
0.027127154742472535
0.011643597761939885
0.010253895718801587
-0.018549959884988636
-0.018615752614281174
0.0935824112246467
0.03527445512501013
0.07919111048992539
-0.023538020479027148
0.023477941816345348
0.005015525939967645
-0.0358212742107924
0.09010437088083978
-0.020551843922537
0.05621380030524901
0.11614571518513897
0.089287918579387
-0.061692049918980876
0.057690409574074765
0.022527151078045045
-0.009625747166229166
0.0008649110063072493
-0.013998930707105464
-0.04281870336666227
-0.0061060221376186205
-0.06385640193945072
-0.006097419686849868
0.04164185014642904
-0.003873441075589606
0.002235098138363076
-0.045321458777056234
0.209490720963542
-0.014730967473081596
0.04036397408828928
-0.03935767345535074
0.059170282394136874
0.028160745400090642
-0.059835825826276876
0.07792211813616631
-0.013058713871395754
0.04334937243418694
-0.015962686490781697
0.054799549457937295
-0.05846093622688123
-0.042566629337087124
0.07972787532177686
-0.05952379988665578
0.03505775829032915
-0.014565990744917004
-0.007185276261820507
-0.005951225255504719
-0.053729587482303116
0.041298738674116105
-0.0027760660648493973
-0.10777367783047853
-0.017632750931499172
-0.08540297299666927
0.025830022501367976
-0.0014176169811742426
-0.11217103838399822
0.009976804021139665
-0.050700226805185676
0.04887050435583092
0.003959266765268067
-0.04091827456902848
0.06955446240378169
-0.02348255477028719
-0.013245879195624324
-0.026578861844535548
-0.009220962674088416
0.035644822157070356
-0.01371719203763793
0.011464483389060011
-0.005271326359649629
0.026921747947132812
-0.10081058906022333
-0.014947830057070649
0.053298974184616245
-0.07318167145797785
-0.05745831357973075
0.07216658571748888
-0.0982779565374679
-0.05209193115006746
-0.006573670561089973
-0.022136369805415636
0.006480398259822877
-0.015942022312805053
0.031188839852123958
-0.013091475731042988
0.009987626281318183
-0.02709154422680884
-0.0169379352298002
-0.020707738163575642
-0.02005149877907972
-0.008601943749246516
-0.019552279097932883
-0.01175756055424244
-0.031970236963185884
-0.10333699562678508
-0.03884810541175803
-0.026091901435340493
0.029420502934860447
-0.023929051878971954
0.03278481559071967
-0.021751733122474342
-0.02708820835980187
0.03354317329137262
-0.012164738999117894
0.06333268372365172
0.027441369159449357
0.005712805897133286
-0.046776592044670086
-0.09013367080205412
0.07177526674013829
