0.15974548923560758
0.15974547705070583
0.15974544583923453
0.15974549018453507
0.15974542365123065
0.15974549679033853
0.15974546840118506
0.15974549654026668
0.15974545001350857
0.15974541609207346
0.15974543585046772
0.1597454138885017
0.1597454256708742
0.1597455067657225
0.15974548279942133
0.15974545673326576
0.15974546362694883
0.15974550524782635
0.15974547143100312
0.15974543986501197
0.15974545912417035
0.1597453897482128
0.15974536903546807
0.15974545217228794
0.1597454198734872
0.15974553635821018
0.15974547486642895
0.15974545288555483
0.15974546879977433
0.15974551649411114
0.15974550496762582
0.15974544551374634
0.15974546390108887
0.15974541077463453
0.15974547154492866
0.15974548144415443
0.15974539310469224
0.1597454508151118
0.15974548748977588
0.15974548326416857
0.1597454158536686
0.159745475999421
0.1597454685706697
0.15974543562439233
0.1597454621490407
0.1597454585142601
0.1597453890534651
0.159745481252587
0.1597454401871112
0.15974546262438613
0.15974547128204583
0.15974548972327293
0.15974544074707062
0.15974542968239167
0.15974545611582688
0.15974545632558831
0.159745464612664
0.1597454628263489
0.15974549740652697
0.1597454447653451
0.15974550735610724
0.15974543931631877
0.1597454820290448
0.15974543481604717
0.1597454990912099
0.15974550480491265
0.1597454756005626
0.15974546215547722
0.15974545755112143
0.15974543545981676
0.15974546840563772
0.15974547826375748
0.15974540730509776
0.15974554917772552
0.15974545055469233
0.15974542395969013
0.15974551428137881
0.15974544499248852
0.15974549933995327
0.15974544898258122
0.15974548310800327
0.1597454241645648
0.15974545078935828
0.1597454701171291
0.1597454700810099
0.15974544683164324
0.15974544717924385
0.1597454501012757
0.15974543960486828
0.15974545802523984
0.15974549677649383
0.15974542478024975
0.15974541066160394
0.15974548215771908
0.1597454690425892
0.15974544760494633
0.15974542426162328
0.1597454065562017
0.15974548975536748
0.15974536052382135
0.15974549171704341
0.15974553609785078
0.15974542160511027
0.15974547518510238
0.15974547548603066
0.15974546810762577
0.15974538711434735
0.15974545812888183
0.15974541540553885
0.15974550963359987
0.15974550765345638
0.15974546172612056
0.15974548222545168
0.15974540400006107
0.15974541312282528
0.15974545550426053
0.15974544612920813
0.15974549867849405
0.1597454689641392
0.1597455059465863
0.15974544551015854
0.15974542181657145
0.1597454449145139
0.15974548228394267
0.15974541421396224
0.15974541992806
0.15974546162902645
0.15974548930419882
0.159745433681418
0.15974545755836453
0.1597454083214803
0.15974541067957534
0.1597454968512045
0.15974543858560672
0.15974550746795788
0.15974541563338016
0.1597454567256332
0.15974541971677678
0.15974547479589338
0.1597454747748702
0.15974552925902116
0.15974541444620535
0.15974545784610036
0.15974549655079137
0.15974543104359404
0.15974544507657992
0.1597455262845777
0.15974549155801207
0.15974542014055867
0.1597454888442524
0.1597454820488949
0.159745438877238
0.1597454695743554
0.1597454631886339
0.1597454231078058
0.1597454346035789
0.15974541990183896
0.15974543709800323
0.15974542155699598
0.15974547482240328
0.15974544581044445
0.1597453954300002
0.15974548221231563
0.15974542082573326
0.15974537124321783
0.1597454375001047
0.15974537427704236
0.15974551402440348
0.1597454575270558
0.15974548853528056
0.15974545034214613
0.15974547320201346
0.15974542901525654
0.15974550485387393
0.15974549860007145
0.15974545109943614
0.1597454812682225
0.1597454913109196
0.15974543478319977
0.15974546393754727
0.15974548910337347
0.15974546815748433
0.15974543982363074
0.15974546771329942
0.15974541562596908
0.15974540562040115
0.15974545079304445
0.15974546168000045
0.15974547472921705
0.15974548361559635
0.15974550494881964
0.15974541889452828
0.1597454894730008
0.1597454452992428
0.1597454696817235
0.15974545593721465
0.15974548871554625
0.15974550550706532
0.15974546137163756
0.15974546204805903
0.15974542102392073
0.15974541399968442
0.15974541552835106
0.15974547624415
0.15974546166992373
0.1597454895553839
0.159745434858914
0.1597454825666675
0.1597454758026081
0.15974546408888843
0.1597454714728009
0.15974548284175302
0.15974542118219257
0.1597454826922334
0.15974542881561823
0.1597454020938691
0.1597453262032765
0.15974548412317244
0.1597454445179117
0.15974546193182645
0.15974547572231088
0.1597454239291963
0.1597454304647917
0.1597454748903345
0.1597454891813259
0.15974551488766395
0.15974547429031258
0.1597454402704704
0.15974549740183394
0.1597455142327304
0.15974540454680405
0.15974545397631587
0.15974545121901448
0.15974541186144872
0.15974547822831284
0.1597454560338076
0.15974536205737253
0.15974551514947308
0.15974547809482728
0.15974551505206055
0.15974548377352513
0.15974546299168643
0.15974548605682934
0.159745445440554
0.15974551513347288
0.15974552842885856
0.15974544801803967
0.1597454388071121
0.15974537627871918
0.159745526116553
0.15974546282941746
0.1597454704514558
0.1597454408360046
0.15974542334007932
0.15974540578100724
0.15974546417511146
0.1597454240088851
0.15974541749628565
0.15974546854268232
0.15974554917772552
0.15974546312765234
0.15974551421265468
0.15974543127089444
0.15974542929795807
0.15974542272187228
0.1597454764753525
0.15974543963117546
0.15974545064760912
0.15974542725566263
0.1597453882856201
0.15974550890033387
0.15974543475521816
0.15974548263499896
0.15974550482140001
0.15974548902279626
0.159745505725815
0.15974542663431865
0.15974547539019876
0.1597454690594937
0.15974548242220984
0.15974548208354342
0.15974541620950053
0.15974543747274958
0.15974546191524838
0.15974548241907413
0.15974547805491932
0.15974545396733483
0.15974545552642958
0.15974545802888326
0.1597455176887573
0.15974545121847247
0.15974548952276488
0.15974547490083132
0.15974545778348356
0.1597454749966075
0.15974545054045827
0.15974549800159196
0.15974547997279728
0.15974545176725083
0.1597454559906085
0.1597453855239491
0.15974543439801722
0.1597454983966283
0.1597454625256409
0.15974544524048714
0.1597454618743763
0.159745450159371
0.1597454759725598
0.15974546334133263
0.15974551063050388
0.1597453666317686
0.15974552435995257
0.15974542964001656
0.15974544567554214
0.15974544586744185
0.15974547508989786
0.15974543582559195
0.15974540324981254
0.15974545632863532
0.1597454033905543
0.15974540694324876
0.15974544113844844
0.15974541122032668
0.1597454825094021
0.15974541622498137
0.159745456941197
0.15974545739067644
0.15974548903481986
0.1597454986265696
0.15974546156422617
0.15974541738863954
0.15974548890000126
0.1597454563645034
0.15974541040035314
0.1597454260972879
0.15974552621304902
0.15974548189094182
0.1597454292904866
0.15974547544993897
0.15974551852049687
0.15974548885063153
0.15974548195507562
0.1597454697573317
0.15974546884255877
0.15974551582346316
0.15974548353619286
0.15974545678389504
0.15974538179358508
0.15974543461755428
0.15974547646321843
0.15974542894080676
0.15974541556096564
0.1597454840885751
0.15974542676040712
0.15974543880597722
0.15974552804635597
0.15974551763520115
0.15974538893242105
0.15974543092008894
0.1597454509108732
0.15974548877854752
0.15974546188186675
0.1597454572860358
0.15974547477264864
0.15974546924254815
0.15974548191487545
0.15974547568726225
0.15974546523795172
0.15974545625349998
0.15974544030328294
0.15974546208204396
0.1597455123918918
0.1597454422874621
0.1597454825529758
0.1597454982432883
0.15974544160801304
0.15974545708850493
0.15974542662580446
0.15974548216243098
0.1597454910062461
0.1597454022489638
0.15974549786475742
0.1597454893017409
0.15974544506064045
0.1597454287597467
0.15974540620113573
0.15974546369614004
0.15974549169091953
0.15974545587743824
0.15974548917190376
0.15974548932235053
0.1597454454861865
0.15974546188901326
0.15974546378868512
0.15974542996692118
0.1597454964748206
0.15974546251970576
0.15974541243354765
0.15974545856107655
0.15974548163480215
0.15974543889032675
0.15974546163338185
0.15974548939164943
0.15974546356287553
0.15974552417786222
0.1597454685214855
0.15974546251287378
0.15974548188233292
0.15974546405836562
0.15974548906867622
0.1597454542657117
0.15974547184387686
0.15974546263121545
0.1597454121656686
0.15974539604861224
0.15974542454810178
0.15974546289101862
0.15974546868356296
0.15974544481208483
0.1597454708438629
0.15974549603284813
0.15974541065459266
0.15974546369285156
0.1597454620792301
0.1597454401343423
0.1597454682279071
0.15974542880060835
0.15974538032236216
0.15974544617944716
0.15974538187227047
0.15974545711414465
0.15974546842996348
0.15974550563869058
0.1597454510421281
0.1597454887328281
0.1597454746484522
0.15974547625531596
0.15974541572779907
0.15974547909729273
0.15974547738942033
0.15974548196512403
0.1597453975323124
0.15974550062130163
0.15974550758827186
0.15974543616810552
0.15974542989722582
0.15974545551300498
0.15974548969007638
0.1597454682480067
0.15974548242790018
0.15974547462825603
0.15974547487450716
0.15974550494761183
0.15974552420175345
0.15974548265376184
0.15974549813834868
0.159745415513434
0.15974544493667428
0.15974544080806316
0.15974539282463338
0.1597455287460353
0.15974540720454308
0.1597454635704478
0.15974542510591602
0.15974549358972343
0.15974547705945172
0.1597455102249836
0.1597454260547155
0.15974544039599756
0.1597454570062121
0.15974546225578964
0.15974549677568892
0.15974553634559238
0.15974550727527878
0.159745289991525
0.159745501556498
0.15974544992667347
0.1597453955590122
0.15974550484390124
0.1597454341720542
0.15974543556902074
0.15974547496807232
0.15974543349292833
0.15974543946937267
0.1597454779023237
0.15974544234168117
0.15974542085132
0.1597454417428695
0.1597454236952683
0.15974542017198576
0.1597454148730447
0.1597454035040435
0.15974542658684895
0.15974547460200025
0.1597454756241826
0.15974546335204207
0.15974548304204203
0.15974550610148527
0.15974549664636492
0.15974538213489806
0.15974548148868004
0.15974535480984506
0.15974548895401938
0.1597454755100479
0.15974548906610406
0.15974546703784873
0.15974548204143788
0.1597454660016376
0.15974544204333316
0.1597454337855417
0.159745426817792
0.15974544292622558
0.15974541194998912
0.15974547525120328
0.15974541863113054
0.15974543626486112
0.15974538691122395
0.15974545680578542
0.1597454010781761
0.15974543552062778
0.15974540221958686
0.15974548280136466
0.1597454910914737
0.15974548988513657
0.1597454823714781
0.15974544454995795
0.15974546213501847
0.15974549173635974
0.15974549731528684
0.15974543725993814
0.1597454304314133
0.15974549832851623
0.15974546288146083
0.15974547474202702
0.1597454638401082
0.15974549432215843
0.15974545563022877
0.159745443424782
0.15974544469141702
0.15974546178932877
0.15974541992636213
0.15974544356961481
0.15974548376018335
0.1597454819974816
0.15974543709855102
0.15974548182802004
0.15974545713246954
0.15974548356864157
0.15974546916700957
0.15974545056242626
0.1597454202279098
0.15974541395186434
0.15974538951661074
0.1597454684140158
0.15974549650866363
0.15974548260930885
0.1597454810146612
0.15974546363725448
0.15974548295848653
0.1597454340720241
0.1597454641356034
0.15974543974463282
0.1597455262870142
0.15974550505881155
0.15974550490116265
0.15974548369561822
0.15974544497272467
0.1597454398156207
0.1597454750963808
0.1597454820442292
0.15974546242550156
0.1597454686858711
0.1597454744342974
0.15974542038422654
0.15974549059098306
0.1597453847867691
0.15974545011583394
0.15974545592207587
0.1597454744316876
0.1597454894883321
0.15974551632082765
0.1597455049632661
0.15974543998309018
0.15974545614148492
0.15974543484940393
0.15974547506675227
0.159745439664113
0.1597454557371509
0.15974543348624412
0.1597454887518148
0.1597454563025534
0.15974543887168854
0.1597454476310843
0.15974538470531904
0.15974543048758402
0.15974543931086124
0.15974546858377267
0.15974547009610227
0.15974544750695327
0.1597454348684488
0.15974551498826514
0.1597454454704552
0.15974548162355937
0.1597454820020143
0.15974550707612586
0.15974546165314105
0.15974543638861413
0.1597454501296592
0.15974547727976637
0.15974541560458663
0.15974548110495154
0.15974549030571347
0.15974545075930377
0.15974545894831157
0.1597454535853768
0.15974543502056113
0.15974542902955155
0.15974543551004247
0.15974546728376113
0.15974542008073342
0.15974538312498773
0.15974549004079971
0.15974545690816996
0.15974545608075338
0.1597456098465991
0.15974544095096396
0.15974541196916367
0.15974545672463178
0.15974553712695957
0.1597454980618391
0.15974551522824973
0.1597454523750362
0.1597454818749778
0.15974537422853227
0.159745476649882
0.15974543456952425
0.1597454666200062
0.15974548884917092
0.15974539480384384
0.15974540433038395
0.15974550614511182
0.15974545894579859
0.15974548914429917
0.1597454461583596
0.1597454655001603
0.15974550563965093
0.15974553838981584
0.15974545550039618
0.1597454049820571
0.15974550494546222
0.15974542583769932
0.15974540111236976
0.15974545072763144
0.15974545150891548
0.15974542974337444
0.15974545719769148
0.15974546946588827
0.15974542387581445
0.1597454747454736
0.1597454756519032
0.15974538098504418
0.1597455017473842
0.15974543967880236
0.15974549724669349
0.15974537062417857
0.15974545561441486
0.15974545750654376
0.15974548922575824
0.15974545612666732
0.15974548218565274
0.1597454972747072
0.15974546903205242
0.15974544028750046
0.15974547513606804
0.1597454641453204
0.1597454836204156
0.15974548299140998
0.15974544092675289
0.15974548890783255
0.1597454166914187
0.15974544427665113
0.1597454361457081
0.15974546888044858
0.15974541517603866
0.15974544924967424
0.1597454033484089
0.15974550321248224
0.1597454509721888
0.15974544963886592
0.15974545719804287
0.15974544457292292
0.1597454965281909
0.1597454679890211
0.15974549153044612
0.15974546347491744
0.1597455202889971
0.15974546962277733
0.15974545613534405
0.15974548193658175
0.1597454627683079
0.15974550607163604
0.15974538077294273
0.15974543571871966
0.1597453942766814
0.15974548191501833
0.15974547035357164
0.15974542186296478
0.15974547435047745
0.15974544422155976
0.1597453980494747
0.15974544243629205
0.15974549658905954
0.15974544522508535
0.15974550080544278
0.15974543538163563
0.159745472100385
0.15974549686425363
0.15974546205411963
0.15974549855158157
0.15974545683228322
0.1597454888053371
0.15974545645096236
0.15974547512357704
0.15974543930030613
0.15974540143874869
0.15974546323594682
0.1597454516978349
0.15974553713787207
0.15974547002497116
0.15974548143644748
0.1597454305522837
0.15974543844329822
0.1597454471863465
0.15974547450935658
0.15974546206344484
0.15974545014521965
0.15974543433033192
0.15974546997958947
0.1597454700205115
0.15974542806068567
0.15974547789281854
0.1597454056018308
0.15974547486422316
0.15974545614187438
0.15974549075759034
0.1597454497853071
0.1597454693640735
0.15974546835128775
0.15974545010440153
0.15974542964021463
0.1597454208552663
0.15974537261258068
0.15974542015886636
0.15974546366654027
0.15974543438615293
0.15974542391111277
0.1597454258721119
0.15974546377067597
0.15974546933396158
0.1597455056927419
0.15974547555194815
0.15974546253204966
0.15974548083019488
0.15974546981432777
0.15974542028767433
0.15974550048109656
0.15974542977302184
0.15974544033856994
0.15974549304273408
0.15974543109535608
0.1597454744119968
0.15974546873586812
0.15974541844481702
0.15974544511637698
0.15974545621881783
0.15974540087823316
0.15974543566129926
0.15974549068157393
0.15974543414051098
0.1597453323275819
0.15974545592363507
0.15974548868784552
0.15974543859158405
0.1597454284243783
0.1597454622504186
0.1597454503160671
0.15974544650466446
0.15974546915069462
0.1597454347170074
0.1597454457476782
0.1597455073826761
0.15974542804955125
0.15974547696790395
0.15974538213628794
0.15974534605762
0.15974545583639096
0.15974549723370243
0.15974539776810878
0.15974538738982966
0.15974547264483882
0.15974546616909133
0.15974545553188532
0.15974543425924512
0.15974551409755586
0.15974548902924565
0.15974551783633814
0.15974549018438397
0.15974551525729894
0.15974541407729134
0.1597454193707549
0.15974540927732858
0.15974546042664214
0.159745444068316
0.15974539702712096
0.15974540102646093
0.1597455049244507
0.15974540143602753
0.1597455153791982
0.15974548279115827
0.15974548875490988
0.1597454815143244
0.15974546189086244
0.1597454696412711
0.15974549817357261
0.15974544528773946
0.15974550489040037
0.15974550500945414
0.15974544028013257
0.15974544063761872
0.15974548278783549
0.1597454619520626
0.15974548922839768
0.15974544658946807
0.1597454510210918
0.15974549665846258
0.15974543575760178
0.1597454141551998
0.1597454244759355
0.15974548898635862
0.1597454644381194
0.15974540520161237
0.1597454390552688
0.1597454890923896
0.15974542034425296
0.15974542843104098
0.15974539008513064
0.15974546803938058
0.15974544545427358
0.15974545854876518
0.15974544014032663
0.15974546392347952
0.1597454020392248
0.15974546407325638
0.15974547138017778
0.15974546238501905
0.1597454760840424
0.15974542434890623
0.15974547590196572
0.15974548289540144
0.15974543542079053
0.15974545616665434
0.15974548271061415
0.15974547515412238
0.15974542300723557
0.1597455075093915
0.15974539743525093
0.159745492301634
0.15974549665708856
0.15974546916182494
0.1597455148737764
0.15974546019545707
0.15974551540051238
0.15974546153196265
0.15974548930790486
0.159745445325948
0.15974545153763162
0.15974545038939988
0.15974542970354752
0.1597455070933915
0.15974552617905755
0.15974543407840644
0.15974546564077582
0.1597454916589803
0.15974538096472765
0.15974548183374868
0.15974545802396165
0.15974547814563309
0.15974547595295926
0.15974544965710566
0.1597453934698275
0.1597454524772359
0.15974552405791673
0.15974545704912588
0.15974544984628478
0.15974547467084074
0.1597454955430274
0.15974549901564147
0.1597455054276515
0.15974548304703548
0.15974542506169384
0.1597454513072226
0.15974538985391415
0.15974546225529904
0.15974544610634142
0.1597454679797453
0.15974547007041337
0.15974545389086656
0.1597454267659085
0.15974551421230085
0.15974541872854828
0.15974549674648983
0.1597454516339831
0.15974546821041177
0.15974551498040387
0.1597455240959744
0.1597454510110443
0.1597454696348359
0.1597453393772413
0.15974548655588425
0.15974547442315032
0.15974548326814572
0.1597454744417822
0.15974548866616498
0.15974541962422703
0.15974544534885213
0.1597454694479393
0.15974544517430253
0.1597454483594579
0.1597454285124826
0.1597454460701115
0.15974544481604078
0.15974543988232268
0.15974540644877064
0.15974547694297522
0.1597454469916507
0.1597454685456776
0.15974543660793325
0.15974544545132816
0.15974549783871447
0.15974543047038633
0.15974548879950742
0.15974548901133132
0.15974540176725546
0.1597453932861461
0.15974547466812558
0.159745434664854
0.15974549823726678
0.15974539965460308
0.1597454430470535
0.15974547530650215
0.15974542591075588
0.15974545034377216
0.15974545238086055
0.15974542008819934
0.1597454756121188
0.1597454700927867
0.15974549751329833
0.15974547052817142
0.1597455071732997
0.1597454461055747
0.15974541564972597
0.15974542560262658
0.15974549040641936
0.1597454826841169
0.1597454014275744
0.15974541040878518
0.15974545569212537
0.159745476248735
0.15974537529754282
0.1597454358615182
0.15974547734597241
0.15974547511208512
0.15974546837604794
0.1597454828437946
0.1597454549579946
0.15974547472158726
0.1597454750641297
0.15974551402400325
0.15974547646468382
0.1597454414411623
0.15974552408346251
0.15974548881106296
0.15974554917772552
0.15974543590541132
0.15974547890813537
0.1597455054429748
0.15974547543780335
0.1597454685826731
0.15974544439656055
0.15974548886858395
0.15974543481602818
0.159745430895427
0.1597454624992279
0.159745398588741
0.1597454023269724
0.1597454393604055
0.15974549699652316
0.1597454014938847
0.1597454470274364
0.1597454752051258
